0,650
85,52
85,51
85,50
85,49
85,48
85,47
85,46
85,45
85,44
85,43
85,42
85,41
85,40
85,39
85,38
85,37
85,36
85,35
0,649
21,7
19,7
21,6
19,6
21,2
19,5
21,1
19,2
21,5
19,1
17,8
17,7
17,6
17,2
17,1
17,5
16,8
15,2
18,7
14,2
18,6
13,73
18,2
13,68
18,1
13,62
18,5
13,58
13,55
13,37
13,53
13,45
13,129
13,44
13,61
13,42
13,47
13,41
13,12
13,40
13,38
13,27
13,30
13,70
13,29
13,32
13,26
16,7
13,24
13,22
16,1
13,19
16,6
16,2
13,18
13,13
16,5
13,2
10,31
10,2
8,2
6,6
5,6
6,2
5,5
6,1
5,2
6,5
5,1
0,607
0,606
0,605
2,2
0,604
0,603
2,1
0,602
0,601
0,600
0,599
2,5
0,598
0,597
0,596
0,595
0,594
0,593
0,592
0,591
0,590
0,589
0,588
0,587
0,586
0,585
0,584
0,583
0,582
0,581
0,580
0,579
0,578
0,577
0,576
0,575
0,574
0,573
0,572
0,571
0,570
0,569
0,568
0,567
0,566
0,565
0,564
0,563
0,562
0,561
0,560
0,559
0,558
0,557
0,556
0,555
0,554
0,553
0,552
0,551
0,550
0,549
0,548
0,547
0,546
0,545
0,544
13,21
10,11
13,9
10,38
13,10
10,5
10,10
13,57
10,9
13,74
10,8
13,36
10,7
8,5
13,25
10,1
0,318
13,8
8,7
10,6
13,63
14,8
8,1
28,10
13,7
14,9
28,9
8,6
13,60
14,5
28,8
15,8
14,7
13,1
28,7
15,9
14,1
13,75
28,5
15,5
